108 6001
22 26 765
58 59 1140
106 104 1122
13 43 2635
28 67 1568
64 84 1567
104 70 1840
8 17 1766
107 31 968
36 13 2538
101 86 453
28 99 1060
40 3 904
83 31 1313
85 94 734
27 105 1512
16 4 644
71 3 1887
11 42 1865
33 94 2790
5 86 1830
34 5 1869
59 44 1098
33 18 1485
90 10 1021
106 37 1688
99 68 1380
16 46 1600
71 56 2130
25 105 1314
99 1 1651
43 50 1785
101 108 1618
53 49 837
52 30 1797
35 43 1785
31 49 1241
31 64 1326
48 42 1110
107 67 1876
43 57 1225
80 7 2854
106 15 1315
83 68 1372
93 11 1628
5 61 1520
77 108 2273
17 46 883
94 93 1004
10 108 1855
47 42 1950
99 30 2197
77 27 2546
87 17 1447
36 17 2194
31 38 1352
83 22 2027
76 38 1270
7 23 1266
104 33 1985
67 95 2149
71 85 589
5 70 1775
61 48 1536
77 99 1779
10 37 1321
20 12 1690
45 87 1144
7 1 1730
62 13 1107
7 79 894
10 57 1838
42 61 1890
8 30 1487
6 106 647
21 23 1663
72 59 1118
53 103 1306
56 2 704
5 63 2153
94 69 1260
61 95 1733
20 28 1376
49 52 184
16 57 1786
98 77 1233
1 57 1257
22 1 2185
38 72 1373
70 76 1561
6 61 1605
36 29 2075
107 49 584
55 5 1897
31 36 2311
5 26 1475
17 42 782
87 79 950
43 24 2308
1 93 2123
36 98 1324
48 26 1350
62 40 1498
104 2 2479
104 49 2540
53 69 1231
3 85 1840
8 63 707
14 13 1227
16 13 1864
77 65 766
14 20 1617
72 82 1820
102 93 1056
12 88 2011
82 49 2938
84 51 1869
4 74 1935
34 88 848
71 11 1104
93 87 1484
29 100 2593
97 80 444
21 73 1546
55 101 1041
28 74 1415
70 49 1466
103 68 1318
107 101 1214
15 64 869
59 64 1394
60 92 618
96 97 1892
13 9 2301
6 63 2272
10 91 2140
63 68 630
73 78 1878
33 92 2854
4 106 1245
93 73 2044
52 24 1349
19 27 2819
80 39 2270
14 60 1434
32 69 1528
47 23 1976
3 4 1526
26 36 1309
73 56 423
76 40 2071
50 108 2049
23 34 1108
77 5 1738
47 35 977
95 82 1249
18 21 1398
9 106 1485
60 65 1945
7 37 1452
63 81 1257
62 72 1910
95 73 2017
7 20 1976
41 10 795
15 100 770
35 105 1368
73 21 1988
28 81 2231
71 103 905
98 57 873
65 10 763
55 104 2147
45 3 788
81 59 1318
104 73 1948
51 15 2014
5 87 1221
81 22 1718
20 93 2102
104 98 2329
67 54 2004
102 17 1435
100 61 773
26 34 1114
68 45 1651
10 95 2340
57 8 911
16 104 1053
71 15 1186
12 26 1819
26 93 1766
34 102 2290
53 1 666
90 26 571
77 94 1762
45 103 849
44 67 2085
21 82 2561
35 60 1221
50 88 1437
37 5 1840
94 54 2098
75 14 583
25 103 429
7 88 1112
50 24 1681
79 67 1024
23 103 1598
86 30 845
55 79 1951
50 23 1907
45 25 1222
33 7 2397
38 31 2056
52 38 1685
67 87 289
92 73 2152
76 3 1861
50 104 2648
99 50 1622
35 8 1490
100 1 2462
106 25 1392
29 43 1553
66 56 2151
60 108 1339
40 27 2180
58 33 2962
53 99 1403
10 28 1840
17 103 1767
101 94 1993
1 107 980
46 27 1553
55 12 547
70 65 1862
97 10 2845
37 4 1928
27 96 2173
70 22 1997
80 31 1956
81 56 1094
80 105 1890
50 86 2221
27 59 2081
15 84 2155
51 88 1285
94 75 1433
71 97 2196
43 35 1524
15 106 941
94 102 966
108 97 2332
13 54 2190
8 80 1447
9 95 827
13 53 1308
55 38 1208
57 23 919
91 98 2301
88 30 1177
81 95 529
85 50 1056
30 91 2495
1 98 925
3 81 1647
56 58 2651
1 2 1527
17 58 2625
75 40 1819
56 35 1933
38 23 960
35 107 1551
44 28 2161
60 45 1545
101 47 1872
62 10 712
103 52 2128
53 50 754
108 53 2283
51 85 718
73 11 2364
88 2 2150
23 68 1574
67 32 1609
22 91 1196
31 100 1756
57 95 1011
8 55 1333
49 70 1976
37 12 1599
78 101 1332
45 80 902
71 102 1588
48 77 1089
18 98 762
50 36 2078
66 1 2134
25 8 1003
50 72 2209
34 108 1616
103 93 1695
89 45 1337
77 7 2442
41 54 1519
100 44 1926
27 45 2350
43 31 2198
66 88 1656
29 106 2233
44 59 1204
28 5 1686
88 29 1656
2 63 1026
72 65 1907
51 72 1700
95 7 1976
4 49 1976
61 7 1562
76 51 2151
108 95 1165
42 30 1358
64 10 1021
55 11 1974
10 82 2736
108 24 1424
49 26 1809
50 45 1514
65 106 1713
76 73 2524
99 88 1174
89 37 1247
67 100 1386
106 63 1708
99 72 1142
64 71 333
101 27 2083
68 76 636
68 49 2715
105 32 1067
85 38 1173
51 19 1085
63 101 340
67 98 1419
98 104 1962
103 60 2140
39 68 1490
108 28 783
22 3 2305
41 107 1840
40 100 2444
34 58 1765
48 12 1624
86 79 1158
61 84 2625
32 78 982
74 8 1734
74 101 976
76 17 2710
90 71 621
81 55 1246
31 73 1462
42 100 2195
28 8 1441
4 19 1235
97 90 2157
105 28 1296
36 101 890
96 68 1202
73 65 1776
14 38 1483
80 68 1475
9 17 2739
8 45 1139
99 64 1213
97 52 1980
77 64 1666
105 99 1050
18 87 1374
71 67 1364
103 96 1430
81 67 1859
39 76 1513
97 99 1587
69 89 2673
44 93 2095
108 61 707
107 58 2729
6 91 1130
80 70 1343
3 64 2364
86 52 1414
21 106 1336
4 2 1874
31 71 1180
29 6 2232
62 22 2013
83 36 1828
95 42 2214
100 29 2217
52 32 1202
11 82 923
9 99 1192
26 14 1257
96 33 2674
10 36 2262
47 8 1277
82 37 1421
31 65 853
60 37 2124
106 105 1595
22 7 1981
82 31 2290
37 57 1171
22 60 1651
51 69 1246
34 7 1921
7 105 1068
74 43 2244
40 10 1993
70 8 1421
55 45 320
105 19 598
69 55 2028
30 93 2800
55 35 1476
8 84 823
76 90 1387
88 71 1164
57 3 1041
62 88 1063
95 35 1620
10 47 1237
80 8 1616
6 53 2206
84 108 1905
30 23 1358
106 98 1370
71 93 1606
2 41 2889
34 10 2144
90 104 1477
98 22 2122
16 9 220
96 15 736
69 98 1497
76 35 952
74 32 1431
38 10 1972
89 11 1187
49 61 2128
97 42 2466
71 47 1583
108 62 1532
43 65 1650
47 41 501
50 8 1743
75 82 1881
13 27 1502
28 23 1587
83 88 594
55 76 1947
23 55 1461
12 54 839
10 4 2535
21 51 1087
54 8 1266
104 99 1097
94 3 2146
2 30 1194
28 20 1212
104 41 1611
50 30 2003
11 80 2206
30 102 2342
96 57 1180
104 20 745
2 95 1757
4 105 1311
64 85 69
85 67 643
17 72 2277
62 104 1702
33 37 1032
27 6 474
83 45 448
10 79 1282
13 98 1426
9 43 2147
54 106 1981
3 99 1806
54 23 1942
47 85 1209
81 9 1327
83 73 1597
35 11 786
5 59 1814
11 18 1464
53 26 2151
66 10 1185
56 77 1454
79 107 1703
71 24 466
95 101 750
38 92 1879
79 18 719
37 23 1101
24 33 2511
19 101 1088
67 58 1957
10 22 2426
22 8 1860
80 78 2150
18 64 281
85 9 1989
8 87 1262
50 32 1107
41 55 2550
66 73 1893
7 47 1264
82 56 1793
34 93 2173
92 80 2927
65 98 992
63 74 1791
44 82 1906
59 23 915
95 79 1449
88 36 1991
18 6 1545
89 69 2407
74 47 863
61 102 1657
50 5 996
16 24 1390
97 37 1721
27 98 2001
105 104 1064
49 75 1830
107 108 2715
36 35 838
82 6 2260
76 42 2828
96 49 2293
11 83 1586
63 83 1468
52 69 2283
48 51 641
30 88 1061
29 38 1555
24 73 1501
1 63 1436
38 46 1233
16 33 1591
26 43 1983
39 13 1807
95 65 1965
39 4 556
31 33 2264
37 77 1376
104 100 1463
6 8 2114
37 61 1656
48 14 1421
90 108 1613
102 85 1557
74 22 1199
93 9 2617
33 99 1963
1 26 1895
9 42 2398
16 12 2408
23 61 1025
36 86 890
52 57 1467
28 15 1182
65 102 1871
89 20 1192
95 97 1153
12 78 2163
70 64 1542
81 86 1277
108 17 1770
89 68 439
52 11 1671
24 38 1068
85 10 619
23 98 1917
102 84 2711
73 4 2317
52 73 2037
62 45 1457
57 60 2091
19 41 1923
67 92 1418
79 23 1164
89 107 2147
16 38 1747
71 31 1192
22 103 1300
50 62 1050
34 31 2330
28 87 1086
21 14 2230
98 80 1663
78 50 2475
95 46 1861
45 77 474
77 55 1382
9 76 175
51 34 1613
74 83 1133
33 2 179
67 39 1972
34 28 1331
107 105 2006
3 107 1776
21 44 2342
76 28 1991
53 52 270
24 103 1088
72 68 981
42 8 803
7 74 503
93 15 1999
58 14 1151
72 32 1659
43 99 1569
70 105 1253
14 94 1611
24 9 1714
107 22 2854
6 36 2118
79 105 1239
103 15 1460
82 62 1987
29 21 943
19 55 1071
15 49 1851
108 82 350
24 78 1192
45 7 1946
97 67 3069
93 20 1934
77 14 1904
29 45 1037
49 11 1855
79 75 1040
95 48 2231
10 17 1662
71 40 1579
59 14 1479
43 33 393
27 62 1755
103 49 1919
39 79 1364
1 20 1646
73 6 2245
70 100 1170
13 18 1319
26 88 1555
96 54 1586
12 80 790
73 8 593
29 88 1595
65 75 1847
95 52 2675
80 81 1106
98 106 1409
63 93 2119
42 104 2793
53 75 1920
33 82 2264
62 61 2003
77 78 2151
3 50 2530
58 52 1846
13 39 1736
93 29 2292
44 107 2349
64 40 1778
71 92 1231
31 17 1263
15 94 2123
79 80 1918
36 34 1042
87 39 1356
18 33 1948
62 23 1637
60 106 790
8 76 2005
99 28 721
23 45 1543
8 47 1687
85 33 1810
56 69 2432
85 47 937
18 80 1264
59 49 2443
24 82 1653
30 1 815
69 62 1296
76 108 379
69 48 1412
16 8 1427
100 71 1576
25 42 1328
84 107 1065
27 15 2167
103 54 545
90 83 955
19 43 882
35 98 1142
82 95 584
106 83 2023
68 8 1519
25 15 911
52 45 1055
62 98 1162
60 73 2620
94 23 1981
12 65 2098
17 51 889
19 69 1733
101 78 1518
16 19 1476
11 60 1245
108 19 1844
82 80 2206
14 47 1435
11 32 702
60 59 1399
34 75 1809
90 93 1487
51 101 1242
95 9 583
32 35 856
107 34 1802
26 8 1420
43 37 930
40 47 1827
56 52 1613
22 94 1657
23 5 1550
82 39 1338
21 89 1863
35 31 1300
61 38 1086
11 90 437
51 28 2145
18 42 1161
85 89 2008
70 9 1686
90 12 1811
98 94 1534
19 22 1602
54 57 1154
95 25 1024
42 56 1527
86 54 974
19 14 2351
107 104 2987
23 16 995
51 67 905
52 64 1890
73 41 2445
21 49 295
61 1 2074
4 43 1545
3 38 1294
33 55 1291
28 34 1971
60 11 1617
18 68 2159
81 52 2297
13 105 1328
77 53 1553
94 55 2245
28 4 1409
63 23 1277
24 55 1607
91 82 1422
88 33 1427
44 66 1490
34 38 177
5 67 1385
13 51 1640
81 36 719
60 79 941
50 33 2404
59 36 1404
49 59 2128
81 93 2188
55 86 984
108 54 2058
66 19 1780
25 36 1293
60 15 1128
31 106 1577
79 2 2430
43 61 2670
4 1 2261
53 97 2547
37 43 1495
71 43 1940
17 16 2159
83 40 645
45 8 307
50 38 1451
12 24 1550
52 66 2175
34 86 589
75 30 1927
8 83 887
44 22 1578
76 36 734
7 101 2082
30 73 543
95 107 2633
38 64 1241
88 57 999
70 87 1980
78 77 2133
27 29 2370
64 105 1279
55 16 2298
85 104 1793
43 54 1295
57 98 1689
29 96 2962
36 63 1140
21 47 903
48 75 1119
19 87 2205
26 57 1691
41 45 2358
52 100 2718
105 50 1313
2 37 1685
98 3 1315
44 75 2120
91 25 842
73 40 570
52 71 1466
16 64 1585
61 34 1171
68 62 1336
9 22 1136
45 27 2336
21 101 1300
3 51 1937
43 80 1365
82 19 2157
44 92 1872
16 20 577
49 108 2034
2 85 1609
17 81 2331
79 88 1352
71 63 1482
29 35 1767
108 80 1726
19 68 1565
18 88 546
23 53 1591
40 29 1251
10 51 1022
104 47 2055
67 1 2209
95 51 2357
3 23 1465
37 106 1274
54 85 1530
14 68 2004
66 89 1899
2 82 2505
16 107 2614
91 103 1690
42 12 1596
93 27 973
23 50 2055
20 33 1969
13 6 856
80 17 1759
76 68 1404
85 81 1910
2 36 1449
44 63 1055
44 90 1754
66 31 1289
101 63 1045
21 84 1649
8 101 666
84 76 1988
70 28 2187
58 10 1687
93 67 1672
64 3 1824
45 20 1587
91 77 2548
62 103 961
37 53 1040
45 51 613
101 85 996
36 25 944
45 74 1948
20 91 1683
22 42 2002
57 75 1619
41 36 2372
77 88 925
30 46 1673
42 84 1706
18 99 546
58 64 1366
39 30 2075
21 74 971
79 71 1445
8 68 1475
43 28 2628
38 74 1116
83 55 1191
58 45 1560
64 70 1413
36 31 2282
81 28 1724
46 62 1058
8 44 1288
57 51 1682
38 1 1465
4 38 989
106 12 1903
34 85 1073
102 57 2161
12 92 2963
68 64 2390
52 1 935
7 25 1390
21 97 2532
11 27 2027
44 30 703
42 43 2076
94 76 1852
83 86 980
48 97 2073
60 72 1889
99 15 1189
107 21 947
51 58 2070
61 68 1379
55 3 728
11 44 1731
87 45 1510
58 63 2119
34 25 661
41 39 1428
89 105 1520
108 5 1964
18 75 1314
77 79 2065
13 67 1086
48 32 993
85 71 1073
8 19 533
102 74 824
98 70 1052
77 35 1276
97 54 1316
63 99 1036
49 15 2261
24 100 753
71 32 1061
72 24 1465
4 32 1063
99 41 1618
53 30 2241
63 106 1109
72 2 1157
6 64 1557
94 39 1798
86 108 1521
9 15 1509
48 100 1758
79 3 1468
11 88 1053
40 58 2255
53 46 640
54 11 2025
25 74 1833
45 60 2049
103 53 1878
108 77 2438
92 16 2430
96 3 2194
74 13 503
12 69 2403
8 10 1980
18 12 1844
108 45 2174
75 9 1706
19 96 2385
3 89 1332
18 105 922
36 107 2643
49 13 1707
25 83 1216
53 91 2032
59 16 1324
90 15 511
56 89 1597
33 15 2064
26 17 1617
2 51 1333
89 86 1170
33 42 2336
4 66 1278
20 27 2618
29 85 1362
65 82 2447
94 34 2037
108 18 1242
33 105 1328
83 65 1054
60 55 1896
76 75 1049
24 32 272
106 96 1313
18 41 1150
19 91 1551
35 108 1379
67 104 2029
41 76 1757
8 38 1188
17 2 2358
108 51 2100
8 74 1962
9 87 1845
92 104 1997
19 15 2130
40 49 1309
72 23 1403
83 13 995
13 59 1491
14 88 1434
80 12 1197
45 58 1729
41 35 1317
59 65 1934
7 21 1193
94 43 1888
24 13 989
52 6 2065
19 32 955
14 41 1376
78 99 1560
8 6 1982
42 20 2285
35 34 1238
36 92 2679
75 12 2704
19 34 1192
53 65 364
82 14 1072
107 87 1385
97 1 1725
102 63 2674
42 76 2155
75 52 1951
75 41 1088
102 33 2839
27 41 989
108 2 1543
13 104 2620
7 66 778
23 36 1265
101 64 833
99 105 1409
24 87 1191
1 69 1693
52 63 1567
29 105 1057
74 104 1515
76 24 1815
93 46 2036
5 68 1704
19 60 2019
62 67 900
104 90 1956
89 106 1366
6 65 2197
64 1 1608
70 74 2073
77 58 2387
96 42 1918
88 46 235
23 65 1794
6 34 2012
108 46 1753
81 26 1337
31 48 910
26 3 1609
34 72 1226
54 56 1447
5 43 2393
93 38 1542
55 81 1081
105 70 583
42 41 1355
83 42 804
22 107 2109
24 64 563
3 95 1428
59 91 1004
9 20 545
47 11 1677
15 65 1983
96 77 2083
84 10 2352
20 68 1101
18 101 1109
81 91 1844
84 26 1962
39 102 1568
101 4 804
23 84 2048
26 53 1540
17 78 1722
19 37 489
36 45 1170
24 27 1297
15 68 1859
97 48 2357
90 60 1703
1 75 2331
87 44 2280
103 30 952
88 15 1247
17 38 1913
79 63 985
19 94 1944
94 41 1158
60 102 1011
2 96 1966
57 90 1421
19 86 1076
91 102 1974
106 86 1859
85 30 1638
55 103 799
56 65 2160
96 27 2038
89 88 1402
76 85 1923
74 19 1336
51 92 1120
60 78 1497
37 93 1483
26 86 1342
93 32 1374
86 88 861
80 75 2085
9 72 1525
64 39 1169
68 20 1109
5 34 1959
98 84 1192
99 78 1400
76 9 962
108 86 1490
79 69 1670
103 32 1317
59 86 652
34 106 1873
47 83 1618
80 28 2091
56 9 1653
41 31 1657
66 53 1339
15 52 1719
78 38 1261
47 48 1528
43 106 1763
26 31 1923
47 77 2281
88 65 1137
19 47 1641
49 50 165
9 68 1010
76 64 1532
5 35 1114
53 22 1869
66 2 2459
5 103 1784
97 70 1212
53 81 1719
96 99 1989
25 4 826
93 59 2269
64 99 753
28 27 1671
94 28 1848
98 38 1306
5 47 1059
42 34 2028
17 105 1330
58 1 2287
42 75 1841
105 66 1716
2 67 2601
97 61 2811
1 35 1199
96 76 968
89 93 1875
30 42 1829
66 99 1276
41 3 2705
83 4 1686
45 32 1375
100 104 778
68 105 1009
14 105 1574
5 108 2131
46 88 345
84 25 1105
30 49 2450
32 42 1366
52 101 1519
83 64 828
94 16 2045
90 105 495
102 104 1880
11 97 2018
2 29 1896
31 27 1201
95 80 1374
29 92 2138
37 73 1538
9 45 2233
40 84 904
79 31 1426
88 8 859
92 76 2669
12 76 1824
54 105 943
26 73 2092
25 93 2368
97 103 1304
49 98 854
41 75 1545
85 62 585
94 57 2039
5 40 1661
42 67 1419
1 29 901
71 54 830
76 94 2008
10 83 956
76 39 1330
89 79 1135
13 55 1889
91 40 1968
101 61 1136
78 102 1892
22 11 827
102 81 2115
38 48 1475
83 74 1436
13 57 2310
57 38 797
68 66 2231
41 67 928
9 49 2298
19 6 1903
29 99 1452
17 45 1659
80 101 827
45 22 2475
10 90 1145
47 37 1398
20 38 1638
84 94 1589
48 103 1186
73 13 1628
24 98 1157
85 7 1539
77 105 1392
98 16 2297
80 92 2235
8 34 845
79 46 1541
18 40 1427
107 68 2384
41 16 2180
47 104 1856
69 40 2342
65 52 1032
97 57 1137
96 16 789
21 10 1358
28 88 1631
89 14 1791
54 12 1262
36 68 803
42 6 1797
23 74 1827
97 47 3008
36 51 2450
106 51 1346
24 60 985
6 32 1088
50 95 2552
75 44 2213
95 66 1568
63 54 658
81 105 1001
64 98 1172
61 40 1842
100 7 1136
103 45 789
24 101 1324
26 27 1075
69 66 1362
43 71 1440
4 30 2078
17 55 1807
6 9 1538
62 69 1574
68 29 2777
20 102 2307
12 33 1077
84 75 2542
107 35 2345
8 93 2055
58 62 1830
5 93 1603
87 97 1958
63 17 1476
82 26 1802
1 59 1919
85 25 1596
83 75 2126
106 60 1045
108 64 1122
98 61 1807
34 44 405
39 34 1842
71 8 1397
97 40 1075
63 30 1419
87 80 1764
69 87 852
36 91 1681
99 76 1440
90 65 1532
15 6 1700
42 44 2153
23 7 1597
85 103 1589
40 57 683
25 16 764
4 58 1771
2 99 2351
77 1 315
49 71 1003
54 76 1695
98 23 1822
12 84 987
6 1 2267
70 20 1750
102 46 1216
99 58 1124
11 23 648
91 92 1983
12 97 837
47 108 2319
74 21 1189
86 11 1237
56 20 2383
45 86 1082
35 51 1277
9 16 496
47 67 886
47 86 1853
79 51 1129
61 71 1539
1 77 876
27 101 2312
46 47 1309
40 9 1656
90 22 1483
14 46 1848
80 67 2796
73 100 2163
15 86 987
96 38 1837
10 55 1821
9 97 1837
79 35 855
86 90 788
36 71 1826
10 84 1833
46 72 1535
21 36 2839
46 66 1921
29 54 1538
98 79 1096
23 58 1159
73 42 1218
54 51 1649
16 81 901
8 64 1564
79 21 2083
22 78 1621
88 20 1854
49 91 1933
19 17 1143
95 85 2294
44 43 1110
94 52 1200
82 70 1361
53 42 1048
74 49 1602
59 10 2056
78 106 1016
76 8 1780
7 54 1574
107 72 1777
58 51 2290
1 46 1225
87 47 492
99 84 1848
49 1 1045
34 15 1316
2 22 2730
17 67 1262
71 5 1258
95 96 1043
52 90 1407
77 17 919
84 8 827
24 74 1271
47 91 1189
64 107 1808
103 85 1087
33 27 3142
43 22 2177
47 79 1127
73 70 1495
33 1 1674
88 56 1176
103 90 573
79 36 1436
105 92 2023
28 100 360
14 26 980
37 100 1625
1 97 2016
28 77 2503
10 71 1628
18 27 1198
1 86 1252
43 74 2297
71 65 1407
100 107 2312
16 99 1846
53 18 1578
38 27 1702
54 50 1324
4 13 1647
74 93 531
66 91 971
48 65 548
21 96 2265
106 40 2061
68 78 1979
7 97 2386
16 52 2798
62 1 1724
96 75 1276
53 73 1398
41 44 2532
100 57 1501
84 16 1908
2 23 1946
72 25 460
87 93 1675
56 93 2418
38 26 1297
20 10 2552
92 90 1643
29 22 2722
76 30 2061
39 21 2334
95 23 762
48 94 786
57 88 1090
69 35 1738
67 106 1488
92 70 2503
73 57 1172
3 87 1921
65 68 1673
67 90 1260
56 79 2370
4 39 649
29 23 1984
98 37 896
62 95 2014
40 28 2232
104 92 2537
97 69 2817
95 16 1386
57 36 993
85 80 1508
92 6 1422
84 74 2273
37 60 1930
76 88 1738
88 87 913
50 61 2165
22 89 1802
58 65 1853
108 65 1865
95 102 2837
70 68 1067
15 35 651
106 30 1541
101 25 1029
58 85 1791
84 49 1818
33 87 2407
17 36 2593
96 35 1168
72 37 1485
54 15 1991
41 29 1968
35 66 728
92 58 1030
83 107 1326
7 85 1378
23 28 1656
26 78 722
97 7 2554
43 21 2282
99 65 999
7 14 1153
34 48 1033
98 48 913
45 100 2030
83 19 1454
1 5 1718
97 11 2635
60 32 906
54 99 1893
71 20 1397
92 107 1549
37 107 1863
29 3 2208
86 50 1998
7 92 1319
54 93 2791
57 54 1088
107 17 421
87 103 1627
2 88 1849
16 92 2267
30 8 1177
33 58 2447
98 46 643
92 68 2630
53 14 1742
16 70 1651
93 85 1655
81 63 474
39 80 1883
104 4 346
98 33 1132
11 81 1842
26 70 1656
103 69 1491
71 30 1971
39 45 2119
61 29 2542
7 17 1540
71 55 1728
89 34 724
29 84 1480
2 100 2430
87 54 1849
48 91 1715
77 49 806
29 76 2539
57 96 1158
73 85 1965
35 62 600
100 42 2490
47 71 663
4 88 2089
2 66 2634
103 21 1364
89 5 1655
6 33 2734
108 105 1269
108 85 1767
70 27 2507
39 19 2057
40 65 812
33 68 1041
63 76 1362
54 97 1591
45 96 2107
23 95 1012
94 26 1776
4 7 1443
84 59 2017
43 105 1899
35 1 1705
72 97 1043
40 78 2210
22 9 648
89 2 844
74 27 685
93 49 2047
68 107 2358
48 52 912
57 73 946
70 103 884
50 16 2418
96 39 1145
30 63 800
79 5 1352
77 37 1173
104 84 2067
8 49 1368
92 101 1569
31 78 1719
25 40 1271
40 11 1824
52 14 2241
96 21 2767
106 45 1495
102 36 2108
17 100 2274
108 92 1651
30 77 1317
54 9 2239
2 35 1736
94 20 1784
81 40 1387
105 12 1802
41 60 529
92 4 1749
100 40 2105
41 25 1786
16 42 2451
93 2 2468
78 22 1304
67 77 1450
63 104 1764
11 55 2058
10 74 1496
17 6 2448
8 51 919
75 91 610
74 14 568
107 14 1941
95 108 639
66 82 1453
73 88 1760
36 22 944
104 22 477
3 72 885
93 71 1222
58 100 778
56 6 3185
42 5 1000
16 86 1265
96 29 2185
91 106 649
20 100 751
9 3 2065
106 5 1286
68 5 1953
42 62 1164
86 25 880
77 83 1178
101 42 1198
99 55 1539
11 47 1665
19 49 1750
74 46 1419
44 25 904
10 58 1847
78 63 1822
16 55 1666
32 58 1055
94 107 990
34 78 1414
11 43 1694
35 36 1237
61 69 2266
91 54 1752
26 69 1417
18 71 432
65 37 1568
50 35 2244
100 20 1192
2 62 1837
102 73 2288
29 108 2699
56 61 2870
32 43 1556
86 84 791
87 9 2422
88 34 1538
30 24 1940
8 18 623
1 106 1948
46 106 1800
9 58 1963
56 8 1783
33 107 1731
12 7 2118
36 80 846
86 3 1313
1 8 761
27 31 1101
11 48 1135
18 93 1015
98 10 1374
13 24 825
11 3 2171
17 34 1859
5 60 598
60 30 2127
87 61 2026
5 16 1356
22 108 342
22 24 1064
32 87 733
55 90 1053
23 107 2419
30 65 2086
89 95 865
83 63 999
87 78 1091
53 38 2063
21 69 1743
17 32 1753
23 105 945
61 11 1475
12 100 2034
76 103 1401
62 65 1370
32 107 1334
1 72 1816
29 8 1034
84 37 1146
14 49 2195
91 75 340
102 66 1496
85 76 1849
55 33 1230
86 47 2266
103 27 1767
103 58 1751
3 18 1183
27 9 2315
34 39 1426
68 21 2903
98 30 1259
45 6 1710
107 60 1592
48 93 1685
74 60 392
84 41 1891
14 107 2652
100 79 515
37 101 864
51 68 2269
107 13 1434
104 76 415
17 10 1253
90 69 1927
21 63 1792
78 91 442
76 93 2614
13 101 1202
63 29 2073
101 79 976
67 93 927
100 88 1535
25 12 1130
8 9 1768
82 30 1631
23 15 640
102 90 1047
31 10 296
38 89 793
14 63 1329
93 103 2347
88 18 817
60 7 920
95 29 2528
3 39 1604
4 69 2408
13 106 1593
72 89 205
35 96 985
5 6 1544
15 19 1282
48 57 1011
54 31 1500
99 20 1638
29 5 1440
97 108 1617
79 27 1472
21 31 880
60 56 2707
69 104 2731
29 65 658
84 47 1774
89 15 1712
88 12 1433
79 74 720
49 8 1563
69 54 2354
2 90 1970
74 52 1579
85 86 1549
41 42 1881
4 18 1145
102 106 1375
97 101 1366
92 87 943
62 43 1745
65 20 1795
22 21 1899
55 2 1144
64 86 1192
85 19 1989
4 22 489
62 31 1223
58 19 2162
65 19 1584
53 80 1595
64 36 1948
36 49 2436
99 42 1219
92 60 537
74 64 928
52 29 170
72 94 1865
43 85 1535
45 75 1744
20 18 1855
91 24 825
69 23 1609
86 26 1473
67 89 2460
10 26 1006
47 26 1569
33 95 1693
9 11 1576
28 71 975
93 90 1950
62 84 1185
84 6 2380
1 41 1909
106 2 2403
39 17 1970
64 12 2446
50 65 701
16 48 2076
16 22 919
64 14 1011
105 30 1426
15 38 1533
32 1 1689
59 105 1073
15 33 2534
9 96 477
40 51 1040
1 27 2078
38 86 206
67 59 2166
97 72 1423
31 103 1811
20 42 2532
56 100 2298
65 22 2116
23 57 1142
89 108 1543
7 82 1916
1 11 1602
59 45 972
39 107 1960
59 106 1004
6 97 2542
87 10 816
20 55 1723
77 32 1378
92 25 1809
65 56 1871
91 61 666
28 54 2343
42 93 1691
32 44 1872
40 13 2226
65 49 1018
11 16 1101
59 71 811
99 40 1665
92 14 1069
27 83 1662
85 68 1665
24 3 1790
52 67 1316
64 18 470
21 80 2762
12 106 1809
3 37 756
64 46 1037
94 7 1079
68 50 2269
43 39 2118
61 63 1931
20 34 1759
87 24 1456
14 57 1953
27 43 3354
64 30 1979
101 24 1060
50 11 2041
94 71 620
81 106 1525
40 50 1179
18 89 1000
48 53 683
74 95 2432
45 16 2332
62 32 709
101 76 1680
81 34 644
100 19 1579
90 8 623
77 80 1819
74 54 1764
18 61 1287
61 36 1551
30 67 1820
22 51 1765
11 84 2155
2 10 2772
91 17 2028
79 83 1137
9 62 1737
25 82 1331
86 9 1264
23 92 2280
61 50 2176
71 41 1689
88 50 900
71 83 1045
73 69 2169
47 43 2869
90 52 1327
65 15 2151
89 96 1487
88 47 1075
29 17 354
85 56 1702
54 52 1434
36 38 679
87 21 737
70 85 1247
31 82 2787
14 61 1081
73 106 2066
94 82 2317
16 73 1514
69 32 1574
93 53 1607
22 56 1781
43 68 1767
19 1 1388
14 69 870
86 82 979
87 71 1459
89 103 592
69 58 1179
100 6 1344
44 5 2104
8 106 1677
75 61 723
75 45 1727
105 75 1147
10 68 1953
22 47 1822
105 43 1626
4 3 1294
79 10 1308
30 53 1492
2 76 1951
28 66 1070
21 70 2418
46 30 1331
68 80 1410
46 83 561
82 53 2248
105 108 1733
89 75 1555
22 10 2062
46 98 1140
82 75 1042
35 104 1212
102 87 614
84 79 2015
73 39 1909
11 28 1026
27 18 1452
101 41 2124
19 20 1632
72 98 1429
107 94 1179
8 72 1399
4 108 429
82 46 1674
28 53 2475
55 72 1296
72 71 1806
20 107 3005
40 81 1714
84 61 2209
16 59 1340
29 42 1136
28 65 1541
89 53 2361
49 68 2278
28 92 1918
46 97 1997
50 92 2106
3 70 978
81 76 680
38 41 1571
90 33 2263
65 95 1877
49 29 1090
7 73 2433
92 30 2150
29 11 2306
90 99 923
38 52 1477
71 37 944
73 66 2343
9 85 2102
98 107 941
87 90 1699
60 34 1926
63 72 566
73 101 1146
19 108 1628
70 34 195
106 24 616
64 78 1116
56 12 69
54 35 1633
52 103 1743
85 21 1568
48 76 1906
40 88 1331
30 106 1824
57 67 1580
62 80 2087
31 51 1420
25 106 1042
25 52 1715
3 103 764
56 95 2198
79 34 1265
46 17 781
59 76 1225
17 75 1919
5 98 1729
55 105 732
53 16 2501
12 101 1593
19 8 1253
5 41 1025
68 87 1828
34 54 536
67 37 1563
71 26 1160
17 22 2074
85 54 1755
96 46 2370
9 10 2167
32 73 1936
88 94 1434
17 69 1480
95 103 1651
38 61 1408
32 39 1649
15 55 2233
12 48 1464
62 51 1150
75 60 1274
15 107 2132
35 82 1336
103 75 1497
5 46 1389
66 11 662
96 66 1645
43 38 1367
73 37 814
32 15 844
6 25 1475
96 37 1569
33 70 1148
85 43 1753
60 31 1042
104 45 2028
54 13 2235
95 71 1518
97 35 1644
56 67 2081
64 88 1165
83 91 2150
107 16 2646
11 8 1754
8 13 1832
53 12 1863
9 27 2063
35 47 1410
30 60 2487
45 44 692
55 51 1781
87 25 2150
99 86 1146
19 16 1673
8 40 1107
29 69 2171
10 45 1979
20 23 1321
48 56 2152
107 100 2687
49 106 1892
73 27 2937
66 108 1550
97 53 2604
29 40 1533
97 87 2285
50 77 1231
58 5 1356
4 68 1531
10 67 158
70 7 1741
16 96 1099
77 69 1716
32 74 1111
27 10 1047
50 14 2474
82 63 1053
77 28 1870
18 47 846
107 56 1421
80 33 875
33 5 2016
81 94 2477
107 103 1600
48 8 1043
37 87 1842
100 22 1373
68 37 1151
86 8 468
35 88 1478
78 72 1598
98 83 411
83 80 1804
77 86 981
101 97 1804
79 96 1098
84 103 849
108 60 1713
23 108 219
2 20 1553
90 56 2109
64 81 1870
51 103 1363
94 2 2463
14 75 643
96 55 1951
5 22 1319
100 65 1628
63 7 1740
103 51 1379
42 82 2769
44 9 1273
51 89 1484
32 93 1731
51 95 2400
55 9 1606
57 10 1516
29 91 2033
52 74 1255
102 30 2624
91 95 1129
99 71 777
28 29 2278
64 76 1518
31 18 1480
65 88 1016
11 36 1502
72 81 784
103 24 1527
21 33 1941
104 15 1247
14 6 1466
100 33 2182
74 5 790
17 35 2348
54 7 1534
23 33 2214
93 12 2671
37 7 1786
37 25 639
68 89 954
73 24 1257
13 2 2892
17 56 1400
67 34 1618
74 100 1586
14 18 686
26 107 1442
32 20 2059
74 72 1723
3 31 2652
69 103 1612
18 24 1124
28 95 2199
77 2 1491
85 40 1677
102 45 1692
8 11 1105
27 46 1651
48 37 1397
8 48 631
41 87 1458
97 18 1855
99 32 391
100 27 1744
31 52 1456
92 85 1614
102 58 1623
39 11 535
51 75 1867
102 98 1575
16 31 2550
26 35 692
63 25 874
85 16 1637
67 73 2467
60 71 1136
25 3 886
51 17 693
44 7 2323
76 53 2732
101 87 1220
72 3 656
48 34 1045
15 1 1434
103 6 2075
103 57 563
45 89 851
105 95 1595
72 55 1454
64 49 863
27 51 1671
90 101 771
19 88 1389
19 29 1166
106 23 1350
71 18 625
105 47 1388
107 71 1210
70 81 635
10 18 868
61 104 1064
69 30 2239
48 95 2368
76 33 1990
7 100 1675
83 34 1763
48 35 831
66 86 1637
77 26 1375
15 92 1665
1 84 1019
49 74 1890
40 25 1784
79 93 1842
6 98 2323
56 66 2770
66 5 872
61 74 1018
86 38 933
85 61 1541
25 26 1403
80 66 2446
51 50 1149
72 56 1716
35 29 2350
101 33 1337
94 27 1503
60 5 605
97 89 1152
38 81 1389
82 13 2359
19 92 1964
104 50 2213
22 30 1692
86 64 920
75 56 2663
55 58 1894
96 25 1750
93 66 859
65 45 1032
91 93 1642
102 34 1713
31 79 1387
8 35 1059
55 36 1253
79 41 1653
108 25 1044
82 106 1330
45 90 1114
85 37 1385
45 83 987
104 107 2459
72 96 1517
107 32 1610
107 75 1726
14 7 1337
95 4 752
47 2 2935
90 91 914
97 24 1929
108 22 333
72 10 2556
86 57 619
28 44 2016
10 25 2239
17 64 1154
36 81 242
92 36 2582
33 49 1961
57 64 1130
100 103 1472
94 68 2078
13 3 2601
39 27 1910
71 90 536
106 79 878
67 51 973
102 76 2778
58 105 1663
14 25 1511
18 54 836
30 72 1336
68 7 2528
30 4 1304
44 98 946
84 20 1659
5 44 1472
40 76 2505
13 93 824
50 31 1017
52 49 847
11 20 1660
84 46 1348
91 37 1150
104 42 2181
56 99 2238
40 67 1834
86 106 1813
92 43 2778
74 37 1457
101 56 1597
92 9 1948
91 45 1602
102 86 2417
102 75 1945
1 91 1651
67 65 1525
80 22 1901
14 56 2326
12 22 2490
65 14 1515
103 13 1420
59 103 851
26 97 2544
81 90 1251
99 106 373
49 80 1841
100 51 1849
26 80 2178
94 108 1511
90 64 468
97 32 1561
108 59 1280
96 80 2123
93 83 1995
107 69 2260
78 26 1310
21 5 1010
100 39 1023
99 94 788
70 86 356
2 91 2460
60 48 1676
32 102 1051
6 54 2361
90 54 1788
8 61 2210
12 93 2465
50 18 1650
51 32 1191
28 94 1366
89 98 1801
1 38 1556
7 91 1107
4 52 2253
30 38 892
101 103 941
71 45 1317
69 16 2461
71 104 1363
24 40 1774
25 77 1416
47 75 1529
66 18 933
25 22 1522
33 17 2137
11 77 1650
28 57 1410
38 13 1638
95 53 2004
1 7 1953
79 8 1648
7 48 1403
79 81 1398
62 91 1535
21 27 1725
86 36 978
49 34 1833
14 79 510
85 65 1013
33 72 728
2 42 1341
3 11 1533
96 47 2136
30 2 812
62 38 1544
107 52 1063
28 38 2047
4 103 1152
52 82 2952
69 31 1579
71 57 1177
75 104 1849
104 13 2623
2 49 1636
55 56 587
27 8 2195
95 60 2030
96 20 1076
24 90 503
35 15 1291
47 63 2031
48 58 1659
96 19 2105
48 23 1857
90 31 1321
76 106 1733
64 33 2348
59 32 808
94 32 1517
71 34 834
26 92 973
35 61 934
87 40 1960
100 108 873
24 34 1250
1 81 2025
63 67 2084
78 45 1448
82 66 1836
50 106 1939
108 100 501
25 91 908
37 6 2070
98 92 1475
25 53 2149
40 22 1692
105 102 1297
44 95 739
1 31 1252
14 108 1479
5 9 2471
3 16 1643
25 89 1173
8 22 1922
88 62 288
18 10 1076
36 67 2020
38 8 691
85 14 1313
84 3 646
108 32 1453
32 97 2019
12 43 249
49 104 2467
3 108 1983
28 42 2110
49 93 1473
5 39 1312
86 15 1404
89 6 1878
96 6 1897
50 79 1964
92 44 2293
103 4 1746
50 52 936
68 102 2551
67 96 2158
79 76 1635
93 63 2061
46 91 1472
95 61 1872
94 12 2429
89 16 1478
99 13 1506
58 104 1268
2 79 1870
92 37 1485
104 23 1213
60 68 2260
59 51 1642
27 5 1652
39 71 1222
70 67 1777
82 96 479
94 22 2321
100 9 903
4 31 2069
17 54 1511
100 13 1817
37 62 1309
65 36 2259
11 22 1005
74 87 621
98 74 1324
21 58 2317
90 102 1347
102 4 1730
76 57 1233
105 39 1718
61 91 1015
18 56 2160
107 50 369
97 31 2707
80 6 2397
50 15 1818
66 25 1644
56 86 1824
5 38 1759
76 83 2274
5 64 230
50 100 2132
59 52 2134
57 27 2616
20 21 2637
72 5 2385
18 23 1069
100 55 2056
45 59 1917
108 11 940
51 60 1041
42 31 930
2 1 1328
94 73 1562
30 108 2184
72 95 1183
2 97 629
72 40 1125
38 47 1745
48 5 1152
107 28 2109
45 1 601
61 5 1128
25 51 1964
24 10 1031
3 97 1241
90 6 1906
6 15 1184
53 35 1627
67 62 1314
19 62 880
80 82 1652
12 40 759
36 65 2436
54 69 1747
35 74 683
3 58 2347
18 79 1362
105 44 1424
32 13 819
3 2 933
14 58 314
106 10 953
20 61 1015
30 105 1725
52 39 2505
96 18 1890
16 30 1570
22 75 1024
6 4 1963
41 80 2888
11 50 1492
24 54 997
93 13 980
36 69 2403
80 55 624
88 72 1336
1 54 1075
102 49 1695
13 35 1096
11 66 744
34 11 1404
34 40 905
85 108 1649
16 10 1871
86 32 671
65 55 1359
10 101 2064
58 44 2407
108 27 1852
99 53 1336
92 86 1750
87 27 1521
29 4 2293
68 4 1057
7 3 2595
77 33 859
69 57 1707
4 94 1686
47 38 1366
99 31 1837
93 50 2017
11 17 2118
62 64 1091
72 83 1515
41 8 2012
100 21 2037
57 83 1069
20 73 2248
75 73 2058
32 100 1626
17 21 485
78 85 1649
24 25 1217
80 32 1928
97 4 2271
25 68 1128
107 78 2703
7 52 2055
39 43 2296
91 30 2028
7 62 1557
55 19 644
74 76 2335
33 96 2555
2 12 953
27 35 1812
47 51 1202
17 80 2353
104 62 1472
96 86 1679
58 12 2678
32 71 625
83 89 1218
44 8 1467
104 75 1249
92 57 2640
41 6 378
98 18 1320
28 12 2589
6 10 1156
94 36 2007
8 79 1572
62 11 817
49 3 2425
102 15 1479
34 37 1099
39 54 2136
66 81 1568
72 107 2196
73 34 1600
97 20 2056
50 46 810
51 86 1599
69 1 2183
99 59 1213
27 73 2311
15 13 2028
88 85 879
106 73 2093
105 35 1397
34 101 952
37 108 1867
3 21 1872
75 96 1244
97 21 2738
3 33 338
102 103 1839
53 101 1968
49 43 1760
98 51 1307
18 19 1544
17 85 1186
53 86 1347
40 91 2244
50 93 1805
32 10 1245
42 16 1788
43 92 2660
33 34 1572
50 68 2376
82 61 680
42 38 1640
107 11 2501
59 74 1821
74 53 1324
16 3 1373
52 35 1882
94 100 1742
103 73 1535
64 6 1560
90 62 557
92 19 2063
59 1 1411
40 69 2231
56 71 2269
107 106 2331
12 103 1138
13 74 1152
93 48 1223
107 43 1580
78 29 1716
38 96 1891
1 94 1977
14 73 2454
18 84 1982
2 86 1358
84 86 859
69 9 2107
71 12 2093
74 7 1171
75 33 2122
39 58 613
79 87 1271
54 65 1794
64 101 1006
66 6 611
89 76 909
42 58 1912
10 24 1335
67 7 1101
36 100 1456
22 95 879
91 67 1417
62 59 1533
41 23 1227
46 74 1534
30 28 2656
70 2 1562
77 96 1906
99 96 1845
46 92 1800
28 50 1845
90 1 1880
38 39 1891
8 5 1820
67 107 1287
44 16 1470
37 18 675
61 16 1225
106 107 2341
41 49 2156
38 65 1913
76 11 1149
51 30 1462
71 76 1471
8 27 2365
44 61 2314
77 9 2398
66 50 1623
82 25 766
84 50 1665
3 60 2051
79 61 1333
62 30 2172
43 95 1266
65 74 1537
11 86 1714
22 34 1827
12 58 2229
87 26 1738
105 86 818
75 54 1566
28 83 1980
32 90 1008
63 58 1353
74 24 615
66 48 1232
92 45 2302
85 60 1052
30 103 1231
21 75 1737
14 9 1330
14 23 1322
11 64 701
18 73 1138
41 11 747
104 68 1641
40 104 2314
7 31 1131
1 92 2058
75 7 1300
99 4 1400
30 31 2017
77 18 1054
41 32 1241
67 3 2063
26 82 1823
38 28 1677
29 51 929
104 74 1684
2 77 1018
31 15 2334
31 5 723
75 3 1673
34 6 2347
75 87 1565
20 6 2102
103 46 847
6 27 868
8 103 489
14 77 2236
59 24 608
75 58 1091
92 89 2781
69 92 847
74 99 857
65 61 2522
15 53 2325
92 108 1885
45 43 1296
102 60 980
89 44 474
17 60 1391
90 88 1251
104 32 1820
103 47 2177
53 13 1523
95 57 958
12 67 2451
10 13 922
31 46 1024
67 22 1911
11 89 1666
23 12 1629
33 75 2379
86 103 784
72 51 2248
99 25 1564
13 71 1081
25 1 1311
70 6 2294
91 74 829
84 99 1780
8 65 1145
18 67 1528
42 51 464
21 43 2507
37 82 1522
42 79 1873
76 61 744
36 4 673
67 12 1991
21 12 2330
39 44 1991
21 64 1464
44 100 1615
29 49 767
81 84 1733
12 27 2989
58 93 586
61 22 564
46 15 1884
57 91 1392
62 29 1582
27 7 621
59 87 2112
101 15 740
32 14 806
30 12 705
108 73 1641
70 75 1913
96 81 1047
62 75 906
104 81 1170
11 52 2063
40 83 753
96 83 2081
62 6 1273
84 35 1993
92 49 1182
58 48 1849
31 37 1551
105 69 1328
93 108 2025
36 32 1851
32 108 1610
2 5 2108
86 99 1322
69 56 2257
19 103 1434
65 31 928
76 62 1441
65 97 1622
1 15 2032
48 30 1952
49 35 1336
42 106 1756
48 87 351
103 95 828
5 25 1416
36 14 1818
46 80 1567
34 42 2003
64 80 1578
94 85 1170
14 33 2189
62 27 1809
56 29 1361
106 20 1683
106 77 1509
47 93 964
49 86 2166
49 24 1719
18 66 1155
90 94 843
58 54 1984
77 43 1372
53 17 893
37 30 1521
100 15 1082
3 48 1400
67 88 1444
85 45 1506
82 47 2395
51 55 1074
92 61 1713
29 73 1557
59 56 2129
66 58 805
38 33 959
56 25 1677
16 32 1952
23 77 2266
73 23 1311
39 103 1785
68 84 1411
66 101 1351
51 7 1213
82 38 1964
105 22 1185
37 36 1274
92 46 1543
98 100 1366
80 51 1530
36 84 1881
58 73 1862
95 105 1410
24 102 1218
29 41 2336
95 78 1418
87 53 675
71 46 1156
41 22 1910
9 61 1280
61 52 2210
56 31 2561
96 102 1911
81 54 998
26 38 1328
87 31 813
96 88 1990
85 23 1618
103 74 1911
106 67 1398
79 29 2330
19 107 1752
99 24 724
50 19 1778
33 61 2551
20 37 1662
83 81 1847
105 91 980
10 77 1615
100 17 1730
33 76 1857
51 22 2419
72 54 1458
37 79 1404
25 29 1647
47 49 1796
18 14 743
66 106 506
7 95 1870
53 44 2126
27 57 2425
28 10 1602
90 58 1529
35 30 1198
49 9 2275
46 64 1308
33 43 620
61 96 507
59 104 775
76 45 1486
102 101 2135
42 28 1645
73 38 1100
72 100 1838
61 24 954
45 35 1714
26 15 1218
86 92 1621
48 85 881
67 35 1300
94 96 1782
30 59 1213
61 27 1434
10 6 962
65 18 689
91 49 1882
84 48 1568
23 41 1593
95 20 1302
96 23 904
104 77 2195
65 60 1933
98 71 713
54 22 1710
102 48 750
34 32 872
16 35 975
31 22 2514
56 39 2757
51 23 1760
71 33 2257
106 97 2014
81 103 1565
71 48 541
36 57 658
39 106 1067
59 88 1638
7 34 1472
51 35 1360
54 32 1816
99 21 1104
15 91 949
77 34 1384
61 72 2077
1 19 1093
67 108 2313
63 55 1573
4 46 2200
76 5 1799
89 58 1825
95 55 2002
58 31 1968
79 32 662
101 88 697
36 75 1173
48 81 1329
53 107 1169
47 45 1526
55 32 1321
41 24 1073
73 94 2256
16 60 2249
17 95 2728
97 77 1257
71 22 1706
107 85 1688
6 24 986
108 6 1392
93 58 1518
18 96 1695
8 58 1921
11 56 2078
70 29 1562
79 7 942
8 28 1760
92 35 1364
67 91 2297
19 58 1780
106 6 1542
1 48 1219
55 102 2179
2 104 2428
78 107 2648
37 105 462
102 88 1384
31 44 2644
31 107 1261
15 51 1631
76 21 2295
85 73 1805
99 51 795
108 30 1667
23 31 1714
83 94 857
81 75 1513
91 14 1162
86 33 1078
29 68 2190
41 17 2037
49 32 1084
62 74 1432
47 24 1214
29 47 1811
46 45 1031
82 22 623
40 66 1970
59 100 1221
7 24 965
33 53 1999
77 8 1066
76 46 2333
12 87 1764
24 76 2012
82 83 2537
104 106 1655
67 68 2530
75 101 1672
65 85 1070
55 68 1112
33 31 2698
8 33 1014
48 108 1218
63 33 1059
70 99 1446
78 103 1930
71 38 1415
64 9 2092
11 76 1205
107 83 1053
33 22 2352
95 58 1896
65 90 901
104 96 515
95 69 2040
105 14 1799
35 68 1298
51 42 207
1 40 618
99 85 551
12 38 1710
35 67 1964
47 55 1630
49 31 1087
63 95 599
29 50 1195
26 47 1453
104 24 1866
88 1 1357
7 49 2009
16 1 2456
78 4 1764
56 64 1665
84 58 2619
21 107 745
56 57 1379
10 27 955
34 100 1343
16 95 1196
68 101 767
42 25 1336
59 102 2254
31 39 2376
104 89 1629
71 50 965
32 83 591
39 6 1860
62 73 1917
25 6 1495
37 63 769
102 1 2119
51 104 2146
35 6 1984
91 72 2052
65 83 981
75 36 1809
78 60 1342
105 64 949
79 43 2437
106 93 1259
51 56 1553
14 70 2033
89 36 507
69 7 460
98 21 1256
70 42 2033
37 103 273
88 75 1058
92 83 1478
76 86 1401
4 44 1752
84 5 2305
107 38 1303
51 48 795
96 48 1530
8 50 1170
31 19 1788
30 101 1390
59 72 1530
78 7 508
54 28 2385
68 81 1114
10 21 803
13 84 2479
12 18 1460
77 104 2733
95 91 1800
16 18 1112
103 107 1184
18 5 1209
45 93 2473
33 29 1852
69 59 1852
44 6 2101
78 84 2354
58 71 1493
53 37 1334
70 78 2027
68 88 1870
88 43 1223
64 8 828
24 66 884
68 71 2087
53 62 1435
105 23 1218
17 18 1409
12 96 2733
54 19 528
105 8 777
80 94 2077
40 64 1155
72 8 1680
67 5 447
22 68 1673
54 101 1079
65 89 1906
11 51 1385
108 99 1617
96 85 1760
27 56 3333
99 63 1674
73 83 1527
2 59 1268
104 27 2731
88 52 1712
64 82 2079
80 72 884
72 17 1691
8 23 1286
52 95 2723
12 4 1798
93 43 2438
98 52 1353
86 51 1751
60 22 1515
46 69 1642
33 80 723
79 89 1071
83 93 1812
41 77 1638
60 67 724
51 45 963
44 3 720
58 88 1224
75 94 1788
35 103 811
44 2 1472
34 94 1518
75 79 930
79 92 1421
5 28 1111
69 39 2017
18 34 945
108 35 500
34 30 1257
55 53 1785
56 54 1325
58 40 2742
28 39 448
96 9 875
85 107 1633
31 62 1343
64 13 480
99 97 2262
36 55 1131
105 49 1152
54 104 1486
97 34 887
38 76 1229
31 90 1280
61 60 1341
58 39 1445
65 9 2578
77 15 1975
49 79 1839
1 30 967
33 9 1760
55 85 1977
4 15 1197
51 80 1665
77 100 2395
107 45 1215
4 79 1304
101 75 1633
2 8 922
35 16 861
105 9 1196
17 39 2781
57 78 1993
19 54 896
72 102 2273
12 105 1856
80 52 2452
81 19 962
50 85 1565
33 11 1804
103 14 1691
94 78 1872
41 38 1502
53 78 1505
90 41 1316
77 92 1850
49 2 2211
98 102 1650
38 4 1608
56 19 560
69 4 1737
55 77 1028
20 25 822
74 3 1833
42 94 1184
90 4 907
60 24 1169
25 96 1604
76 72 947
5 18 711
52 37 1966
28 48 1145
104 8 1652
38 9 1085
35 12 2059
22 25 1403
45 41 2217
32 91 1248
104 36 1578
29 74 1972
82 11 1641
21 57 1928
75 53 1930
79 106 491
61 32 1914
50 69 2006
42 64 976
10 1 1648
45 82 1638
108 10 2344
83 84 814
66 70 1814
77 75 1942
16 94 1704
69 83 1925
6 72 1953
21 81 2088
93 76 2211
56 15 1622
51 52 985
51 18 953
53 36 2734
4 10 1743
72 108 1661
41 21 1727
9 32 1388
102 107 1403
39 23 526
53 29 759
12 60 2408
29 14 2150
85 90 526
64 106 836
65 84 1785
85 35 817
56 23 1789
3 61 2085
55 89 1045
83 56 1756
39 83 1519
96 95 1507
78 51 2229
24 43 1670
53 34 1926
91 36 1152
41 106 1491
49 88 1577
106 21 2094
51 44 1747
46 21 830
98 54 1416
9 29 2687
61 106 639
60 17 2026
51 74 1307
7 53 1687
58 35 1266
61 45 2204
106 66 951
95 27 2163
83 24 1042
88 17 1505
14 15 728
67 103 2097
9 5 1812
106 65 1847
78 62 1518
5 49 1645
9 39 1519
36 74 2201
15 8 1308
11 19 1707
88 27 1888
101 73 946
30 11 1450
81 89 1138
13 65 1240
43 72 1642
87 1 1552
1 39 2265
61 55 2341
23 100 1428
33 51 1645
97 39 2001
19 66 2274
47 22 1967
106 1 2150
49 48 663
8 14 1705
24 106 465
33 32 1885
88 13 742
45 5 1453
21 99 1332
12 8 797
16 56 2252
59 79 668
103 71 627
34 68 1144
97 6 3146
36 56 1767
48 16 1516
68 39 1091
102 59 2432
37 71 777
39 63 1151
25 13 2302
96 71 2248
84 92 2095
27 39 2094
74 70 1681
50 17 501
59 75 1350
4 53 2087
70 84 1201
68 97 1376
72 75 2158
50 90 1772
34 71 1465
90 53 1619
72 86 1107
33 101 1231
10 100 1522
14 76 1520
78 39 1102
98 97 1838
75 42 2011
38 19 1179
5 56 1794
62 44 1716
6 13 1557
93 26 1300
83 14 1659
50 78 1612
2 34 919
88 61 1685
105 6 1354
40 52 1531
68 28 2225
6 58 1003
35 26 987
38 105 287
13 14 1604
67 101 2245
49 60 1512
45 81 1861
100 25 1283
64 66 1359
66 100 1153
42 40 1260
80 36 1591
92 50 1219
76 6 1863
7 50 2031
38 45 1124
89 13 1974
87 34 1625
19 76 1680
69 29 1405
4 100 934
21 91 2173
92 39 2085
44 62 1320
57 26 1772
43 5 2623
36 23 877
85 64 133
62 93 1487
44 58 1912
80 40 1210
80 95 1201
15 48 1687
87 74 1429
37 78 1282
89 8 1179
65 72 2307
18 72 1407
13 10 105
13 28 1563
40 17 1018
21 48 756
98 34 865
26 84 2101
59 47 1697
81 69 2492
63 51 1738
68 79 1660
49 23 1818
101 43 1954
82 48 2510
42 60 2020
28 62 1114
96 78 900
65 69 1824
72 14 2236
88 95 1336
40 103 787
91 100 724
19 33 887
7 18 1123
35 9 881
12 3 1110
102 91 2136
83 30 1733
34 69 2255
90 75 1099
49 94 1302
105 37 624
87 72 2320
26 83 1881
93 92 828
65 34 1713
55 64 1539
104 40 1736
80 107 2040
62 37 842
63 15 1747
86 27 2595
77 6 2528
77 31 1559
95 15 1015
79 95 1559
108 79 747
56 59 1553
70 37 709
14 80 2629
44 102 2477
71 52 1570
101 95 1022
4 65 2068
49 45 1622
64 31 937
27 90 2199
96 34 1177
54 45 1203
10 7 1089
47 27 1153
55 30 1154
59 2 1956
15 47 1891
74 103 1120
16 102 2656
36 64 1886
50 73 1336
23 99 1151
85 34 918
11 105 966
85 27 1484
44 13 2612
24 107 1534
22 100 1360
3 74 2416
101 53 1342
42 18 1632
12 44 919
107 1 965
27 19 2011
51 3 1955
75 17 2441
6 67 1367
14 90 812
48 63 1485
33 12 923
68 26 1620
39 53 2560
104 103 1052
10 85 1362
90 107 1231
100 12 1867
20 22 735
41 69 503
11 58 1397
100 90 986
32 46 850
100 45 1582
95 63 571
13 4 1921
3 40 1515
94 8 1097
59 19 1083
56 41 2362
13 88 1099
23 80 1240
29 66 1916
43 44 1155
55 21 1990
85 51 906
82 1 1944
86 73 1117
63 85 1860
18 86 1079
90 32 938
51 90 825
30 95 1227
44 87 1997
37 28 1607
13 31 1136
75 105 956
17 30 1816
3 28 2172
25 78 1359
71 107 1732
57 58 1450
93 30 3111
103 5 1869
23 35 410
103 22 1370
5 24 915
63 49 2260
83 52 1319
80 71 2084
6 51 2097
9 66 1319
42 97 1581
38 87 1264
12 75 1937
23 27 2510
10 5 1102
43 98 1260
21 103 1892
24 37 1071
80 103 911
29 107 803
25 75 967
36 42 2267
74 84 2509
84 89 1415
86 70 557
53 94 849
71 17 1590
58 27 1037
91 58 1345
23 25 708
74 82 2283
56 73 1193
47 53 1805
80 54 825
42 49 375
61 9 1383
3 54 1143
83 92 1481
73 80 757
37 70 1263
106 29 2358
95 8 1248
14 104 1401
22 81 1701
23 83 1582
98 73 1403
89 35 1067
69 6 782
106 92 1223
11 12 1948
87 84 1907
23 3 1893
73 98 1150
103 101 1060
86 10 1789
55 91 1928
81 102 2075
81 41 2463
45 29 1086
9 35 1664
12 30 426
21 98 1015
90 51 1457
88 54 1633
98 65 736
68 53 2495
53 51 273
106 100 490
51 1 1494
97 45 1597
82 50 2311
8 104 2160
36 12 1759
50 1 977
26 51 1690
93 55 2323
48 20 1839
36 60 2066
76 99 1288
25 99 1524
35 3 1558
36 85 1704
86 59 943
48 9 2391
9 36 1515
75 71 1513
62 47 1233
25 87 2250
72 15 1688
107 33 1461
50 9 2922
43 83 1816
82 78 1578
91 21 2089
73 91 2251
22 20 1128
84 52 2211
78 92 1143
60 49 1224
15 97 2332
91 81 1825
66 54 1349
31 45 1800
90 14 1460
106 89 2045
37 96 1636
67 84 1770
80 46 1488
68 22 1622
49 78 1811
70 17 2174
33 69 2263
101 106 1529
14 82 1666
80 74 1789
67 11 1725
27 33 2949
10 73 2494
86 14 1592
28 63 1950
31 72 2527
85 93 1058
43 12 968
85 44 1813
32 38 1144
72 63 823
4 41 1400
107 102 1669
90 103 1180
36 95 603
45 46 880
38 22 1539
1 53 655
76 16 316
70 60 1854
69 26 1577
44 74 2211
41 84 2681
77 71 1514
13 8 1198
66 45 1965
83 6 2213
50 37 1142
54 25 1087
31 50 972
6 69 1223
99 70 1634
83 48 848
82 69 1762
103 59 732
74 108 1153
59 89 744
20 5 2069
50 70 1554
19 2 1281
82 84 1998
45 73 1117
68 83 2259
4 48 2235
84 14 2427
104 52 2729
62 36 2251
26 9 1032
60 10 715
34 1 1754
94 89 2229
53 63 1979
98 31 866
73 82 2124
85 41 610
41 93 1010
82 9 232
50 67 1641
18 52 1881
31 12 2644
20 14 1949
51 102 1803
35 19 1460
43 63 900
51 107 1006
55 43 1045
90 44 908
17 57 2201
29 82 2839
52 89 1801
18 59 1137
15 10 2097
32 82 2036
7 40 2565
51 12 1987
50 22 2072
101 3 938
48 105 830
15 31 2032
16 14 1825
22 53 2052
18 46 1160
46 107 1071
60 64 667
68 56 1146
91 99 1467
14 84 2232
94 101 1652
54 5 2149
104 86 1493
47 59 1379
102 26 1287
71 1 1577
57 22 1990
9 53 2158
26 75 971
70 36 911
61 66 1085
27 103 2232
108 52 2496
18 4 1468
26 72 1862
52 97 2236
29 24 2081
108 71 1313
89 23 978
27 47 766
10 40 1905
13 48 765
34 41 1628
43 20 2480
50 89 1900
76 20 954
88 84 1429
80 50 2224
53 72 2073
22 23 1080
80 104 1364
38 17 1689
58 46 1693
107 42 1033
102 70 1779
93 57 2643
28 19 2128
19 48 1288
58 21 1543
29 16 2613
105 31 1925
43 46 1404
41 97 2552
25 24 1009
69 10 1338
98 55 1309
63 28 2078
75 59 710
40 101 1225
51 79 1221
9 47 2057
84 43 376
105 20 1680
11 34 1452
53 4 1889
5 102 1105
2 61 2533
26 108 972
54 79 1556
66 98 1355
27 14 1098
60 100 1783
13 60 648
70 44 515
90 37 861
52 16 2290
5 51 1468
32 105 666
18 13 928
23 93 2097
35 54 1828
106 31 1448
106 53 2076
100 80 2403
11 100 799
7 98 1566
91 20 1354
34 19 1260
39 70 1523
85 31 1149
5 29 1403
100 58 956
91 29 2170
101 36 1031
99 34 1472
6 22 1664
92 21 1192
14 92 1172
42 108 2109
87 33 2638
20 39 752
15 27 1822
102 108 2089
57 28 1960
66 76 1282
16 91 1173
22 36 1621
73 54 364
67 102 1323
102 32 1311
107 74 1857
6 84 2105
74 68 2358
32 52 1950
63 50 2467
84 102 2049
64 63 1275
98 15 1573
102 29 1726
13 69 589
24 17 1621
108 7 1818
83 29 1090
42 13 1115
65 47 785
11 85 1105
12 9 2572
95 21 2014
28 47 1806
107 92 1727
50 98 1155
23 52 2333
33 28 2491
57 72 317
43 93 2767
64 61 1322
19 28 2215
72 93 2276
35 92 1879
48 15 1458
76 47 2113
73 3 743
83 25 1791
74 96 1740
44 77 1645
74 25 1424
28 17 2007
29 58 2463
10 61 1470
82 68 1542
15 75 410
89 42 1604
54 2 1314
34 35 1005
2 39 2581
27 11 1345
59 12 1371
8 97 1575
62 18 588
71 7 1616
52 65 844
13 66 980
46 8 988
63 46 1291
105 73 793
55 84 373
79 72 1183
54 71 933
3 76 1620
97 43 768
104 101 1078
57 16 1510
40 12 751
10 99 1083
80 62 2129
78 80 2363
32 37 1241
74 55 1713
83 44 1729
6 29 1660
35 84 1888
68 2 1462
41 81 1725
65 40 1691
34 27 2736
94 15 2018
61 62 1611
32 27 1984
14 17 2261
69 22 2360
31 88 1263
93 44 2652
56 94 2010
13 79 1541
28 14 424
17 87 1191
85 17 1539
28 73 2410
73 12 1237
103 104 1848
79 38 862
20 85 2159
93 82 2421
88 86 1650
104 12 1829
84 36 1593
95 67 2879
105 68 1208
101 38 392
80 73 1430
103 106 1257
87 95 2195
66 72 2173
61 99 1175
52 26 2254
54 92 1877
46 60 1038
12 72 1247
19 65 1723
107 2 2083
104 9 267
90 70 935
59 77 1725
18 102 1662
11 25 1047
32 36 2119
13 47 414
47 19 1477
45 18 1279
102 56 3024
3 82 1691
71 6 1399
84 15 1643
11 71 1007
30 64 1935
90 81 953
85 95 1961
65 101 1317
51 76 2529
52 55 1451
92 65 1815
63 75 1566
78 12 2768
17 91 1719
67 2 2291
78 31 1929
46 68 1978
81 72 500
63 84 1213
12 73 1056
75 47 1560
79 30 2114
107 18 1110
68 104 1586
84 64 2007
26 25 1170
32 25 1665
12 83 1382
74 35 1330
91 23 482
6 47 1413
1 50 916
31 70 2033
72 30 896
17 77 1528
97 88 1765
51 54 1147
20 89 843
18 3 1306
23 49 1996
39 7 1738
103 42 1163
80 11 1655
2 89 1216
78 8 1638
74 9 2256
19 44 802
82 79 1798
15 96 1455
52 27 1739
91 65 1642
47 102 268
66 33 1968
22 101 1171
81 65 1762
51 25 1554
54 96 1506
5 65 1354
48 18 962
30 6 2737
28 26 1391
81 30 1087
69 61 1938
13 33 2870
31 97 2906
1 62 1061
65 50 512
5 36 1768
31 21 259
60 1 2433
12 98 1195
29 64 1381
57 86 448
41 34 1725
34 60 1636
87 105 1161
38 106 1131
47 94 341
74 23 1486
107 99 1929
83 11 1622
96 105 1301
56 3 546
88 49 1139
75 48 1026
63 88 1422
68 61 2031
57 35 1150
4 80 1356
49 83 1228
92 94 1204
1 89 1962
3 56 1277
84 53 1220
52 12 1569
49 96 2998
37 99 1312
11 99 1050
83 35 1598
8 99 1388
22 50 2659
43 70 1355
69 76 2592
55 48 1896
90 82 1586
88 98 978
22 80 1764
59 21 1937
11 53 1309
96 1 2731
63 2 1817
4 56 1516
42 53 944
73 48 1610
57 49 1730
46 58 1323
17 23 2595
54 63 988
96 90 1086
57 77 1358
70 108 849
97 73 1577
83 97 2189
99 27 1939
87 104 2263
55 106 2079
20 44 1571
2 93 2935
100 5 977
37 41 1334
5 8 1331
82 91 657
23 14 1114
5 10 1100
23 11 894
81 27 2903
9 83 1663
53 108 1882
26 106 797
20 81 601
84 19 956
6 12 2518
102 54 1810
2 28 2646
47 25 1857
105 93 1874
3 62 1850
99 98 1115
107 30 2180
8 92 1891
43 59 1378
54 86 714
17 37 1343
67 28 1339
83 62 1278
35 101 607
100 67 1568
74 73 1635
32 9 1905
32 54 1397
1 74 1769
63 16 1441
31 74 1686
66 65 1523
96 2 2344
99 60 768
33 64 2445
94 81 2026
100 26 1289
71 73 1896
61 41 1034
85 11 960
58 99 744
65 16 2619
29 70 1590
57 104 1556
47 14 1456
33 6 3048
37 27 2057
24 96 1923
89 3 761
48 17 1494
75 66 877
70 5 1387
95 68 1247
105 100 828
34 29 1439
105 71 1323
17 74 2093
38 98 947
60 52 2290
108 40 2382
67 4 1953
77 11 1381
73 97 1602
66 96 1625
46 20 1861
45 57 861
50 82 2568
45 79 1793
68 35 1343
3 17 2078
80 44 644
27 17 2130
15 3 2032
37 52 1111
10 60 1048
89 97 707
7 72 1987
46 39 1705
73 26 1657
104 53 2127
14 28 915
68 25 807
71 49 990
14 31 1595
74 58 623
78 36 2061
41 65 1828
22 19 1997
97 91 2025
58 43 2440
91 33 2295
53 98 1207
66 20 1610
43 32 1552
41 88 919
91 1 1556
21 2 2194
79 9 1141
42 7 1362
32 59 1021
101 32 766
58 79 759
64 65 965
57 47 2094
67 26 1778
19 25 977
53 66 1691
28 97 2066
83 105 862
66 71 1229
18 78 827
97 50 2223
27 20 2217
23 8 1683
6 102 910
19 7 2108
101 77 946
10 62 1170
106 4 1155
58 82 1199
106 61 1165
3 71 1447
12 29 1805
34 91 1543
2 43 997
80 10 2417
99 82 1451
100 82 1623
103 64 1199
101 45 986
11 7 1267
19 56 485
91 48 1389
101 89 1443
90 95 1872
53 8 1549
65 17 851
2 50 1654
24 75 1093
75 93 1519
15 22 1408
106 85 867
6 81 2411
79 50 1381
101 17 1697
59 54 1032
29 9 2065
44 46 982
48 78 1643
12 47 2101
29 95 2122
37 3 1498
3 57 708
27 78 904
16 97 1963
72 27 2669
20 104 1117
103 23 1030
47 21 1062
91 7 1724
35 10 1159
38 82 1687
96 63 1230
5 42 1341
15 93 1356
38 103 441
107 57 1498
51 63 2098
34 49 1739
22 99 1435
88 103 1046
83 5 1501
63 80 880
5 20 1563
42 26 1771
9 19 1507
10 59 1665
34 52 2213
87 64 807
104 38 1484
90 9 1424
87 29 1754
61 86 1426
7 86 1776
55 10 1567
6 52 2386
44 20 1876
26 44 1821
4 72 1500
80 65 1605
96 40 1772
58 49 1713
14 40 2171
81 101 1553
75 50 2222
41 74 1128
61 53 2309
40 74 2324
42 85 1557
107 59 1620
103 10 1808
76 67 2410
37 75 1328
21 28 2037
101 60 1811
35 58 883
106 3 1511
57 65 1602
63 41 2161
89 49 2075
89 33 1098
97 41 2686
40 6 2584
53 25 1442
63 44 350
21 15 2052
31 60 1591
84 56 227
72 36 1144
68 34 919
73 74 2405
4 96 1284
72 12 1157
101 48 1317
107 66 2081
29 33 2161
21 105 1161
92 32 1716
52 81 2377
16 63 1555
35 50 2189
35 87 1540
43 26 2089
94 105 1788
4 97 1621
105 81 1517
81 23 633
88 37 871
78 56 1996
31 58 1949
105 17 1209
100 24 862
7 28 1103
6 79 896
4 60 1606
84 98 1488
80 26 1632
4 24 1737
12 77 1325
107 40 1527
99 18 880
71 94 613
84 81 1608
108 81 1187
86 61 1712
17 82 2892
107 65 1180
55 99 1378
21 59 1503
48 98 769
42 21 538
30 92 2191
91 42 2166
80 63 1242
15 77 1492
26 23 1535
64 75 628
84 42 1028
51 100 1913
36 1 1783
81 92 2431
63 42 1817
21 65 1334
19 90 1053
92 56 2551
52 106 1995
87 106 1729
60 105 1896
30 54 1202
7 36 2573
41 33 2596
64 94 714
27 38 1771
102 92 663
12 46 1719
21 22 2706
80 34 583
17 88 1485
97 60 2410
77 89 1281
48 74 1415
75 19 1343
84 2 1187
95 64 1889
40 48 1839
25 44 928
48 62 180
44 83 1397
48 2 1992
87 65 934
18 65 931
72 4 1352
60 70 2369
20 96 1053
102 53 2001
93 97 2760
46 49 788
67 10 102
23 48 2074
42 37 1340
40 96 2200
63 47 1995
67 56 2120
65 25 1592
21 54 1695
32 12 1980
101 23 1237
82 33 2549
90 7 1424
24 15 1033
9 38 1580
78 76 1099
61 88 1548
44 52 1883
28 40 2417
77 60 1762
51 62 743
98 43 1442
16 17 2878
76 104 340
27 64 1879
1 67 1439
35 80 1662
101 49 1366
61 108 578
94 59 2110
91 47 1679
4 73 1857
64 38 1411
16 37 1795
11 57 1593
78 53 2047
106 72 1948
41 7 1134
33 103 1848
61 19 2095
61 21 2406
48 27 1710
17 79 1845
51 73 1348
100 86 1125
105 79 649
60 86 1345
60 89 1760
76 84 2269
58 28 429
70 14 1719
107 7 1646
58 4 1477
86 35 1057
16 98 1727
57 50 2260
33 63 1860
103 87 2022
55 88 921
16 101 1737
45 15 1991
70 71 1151
63 105 642
78 94 1406
27 52 2321
75 22 1317
46 37 796
100 16 1119
23 24 1139
84 55 436
43 2 597
5 58 1076
17 49 1027
2 3 1315
69 13 1297
12 90 1627
22 79 858
45 10 2140
54 78 2027
97 14 2802
60 87 1172
15 79 445
1 47 2244
11 98 1924
75 90 1313
41 95 2308
1 10 2078
15 9 1112
63 98 1664
31 76 2391
29 46 824
65 8 689
47 100 1056
72 74 1777
86 98 896
56 87 2531
102 71 1117
55 24 1221
8 24 1633
79 14 901
23 62 1077
39 97 2475
2 78 2350
81 66 1429
24 83 1672
64 7 667
101 37 766
87 83 1265
43 108 1634
11 10 1726
107 91 2108
73 107 1029
53 105 1825
45 50 1219
45 49 903
43 62 1538
27 67 1512
25 50 1866
9 107 3016
75 78 728
40 92 1732
108 89 1657
25 67 2141
103 77 1137
97 86 1306
42 52 487
106 64 1133
28 32 919
5 54 1394
40 45 659
16 49 2511
2 33 803
108 8 1393
14 71 1128
31 25 1686
83 82 2500
38 55 695
32 94 995
61 56 2053
39 35 1034
36 50 2751
24 105 980
77 10 1245
36 87 1748
107 93 1771
33 104 1777
22 48 2192
27 55 2524
92 41 538
66 64 637
48 80 1782
98 12 1025
41 98 1358
40 99 1269
83 1 1180
57 43 1695
2 27 3369
45 64 1828
93 91 1437
96 22 804
89 27 2956
77 24 1526
11 74 1149
10 80 2356
54 77 1179
28 30 2380
55 17 1702
84 22 2226
9 2 1975
104 26 1174
4 36 1073
105 46 851
7 103 2067
36 66 2094
99 12 2174
92 99 1722
1 88 1565
46 84 1696
62 57 1593
102 37 1322
4 87 2142
70 62 1517
101 59 1153
85 102 1077
81 10 2700
72 35 1678
66 4 1015
72 18 1566
61 2 2760
73 76 2333
67 97 2136
37 40 775
37 8 131
47 3 1812
27 95 2829
73 18 1507
56 40 1124
10 103 1321
46 50 1277
82 58 1841
76 22 1186
39 65 1934
55 40 1067
39 18 1368
3 104 1339
49 54 1599
57 21 1864
4 6 1403
101 102 1915
73 68 1347
80 14 1799
24 5 508
87 66 897
32 76 2198
65 13 1505
60 101 1751
94 72 2171
58 42 2204
69 50 1313
74 59 1439
61 75 1174
5 15 1270
22 82 1129
42 47 1386
70 21 2018
62 78 1657
50 99 1186
10 41 743
83 7 1279
87 102 1418
70 47 1846
84 67 2295
62 28 1478
24 48 538
101 34 402
80 41 2744
11 62 674
54 26 1264
66 28 959
81 60 2496
33 79 2514
73 52 1342
77 87 1274
87 56 1867
107 3 1581
102 105 1555
92 62 1037
17 83 565
37 11 1716
32 106 921
26 58 1189
81 99 1338
99 67 1467
63 61 1214
100 60 1556
88 77 1470
34 82 1572
70 92 2581
31 89 2676
79 28 1172
12 66 2623
72 45 1829
39 85 1297
22 12 2425
48 29 1017
8 108 1198
93 22 2029
84 54 826
65 32 681
53 70 1479
95 72 1440
34 9 1134
57 24 1255
10 11 1925
93 80 2642
28 35 1404
59 4 1143
36 104 821
11 101 1006
12 42 1375
97 83 1585
101 28 1602
90 77 1923
56 96 1843
91 107 2441
8 105 641
87 3 1736
75 86 1740
82 85 2181
38 79 1633
43 76 2334
47 29 1239
81 44 560
22 29 2490
102 67 471
89 85 1327
39 95 1642
32 31 1671
3 59 1447
105 80 1065
63 103 514
63 52 2088
75 88 1161
50 49 1045
17 1 1537
98 13 1905
78 14 945
48 24 550
30 15 1586
33 86 1069
77 47 1395
93 64 1105
91 6 1682
29 53 874
79 99 853
95 88 1856
24 30 1958
35 57 1358
108 26 970
29 10 1675
44 80 459
27 85 1979
8 96 1551
106 54 1760
108 48 1886
2 47 2163
44 24 1620
12 14 1926
65 7 1263
11 102 1077
1 101 875
8 67 1534
46 44 1016
108 3 1767
22 65 2544
44 23 886
97 15 1866
34 59 760
105 87 1095
77 84 651
28 72 2191
10 105 1779
31 68 2583
59 95 621
103 31 1655
35 40 1300
45 37 1246
91 104 1532
25 57 418
36 2 1905
3 5 2486
26 13 1205
44 33 1184
21 6 1631
56 46 1980
100 98 1470
98 1 327
16 50 1950
95 74 2207
89 7 1845
69 108 1948
16 61 1206
23 66 1647
12 82 1942
25 63 875
90 45 1115
48 45 1302
69 102 208
84 70 1349
106 44 2248
25 33 1575
31 98 1201
69 77 1973
69 70 2240
62 102 1611
71 19 1498
49 36 2300
92 69 531
65 76 2082
78 13 965
16 100 1365
67 38 1906
85 49 1385
85 83 1491
82 87 2497
9 60 1675
73 79 1916
59 37 729
48 99 713
21 77 1984
107 41 2144
102 95 2070
59 63 1309
57 79 1883
63 35 1586
41 71 1373
97 17 1860
88 35 1313
105 16 1143
87 55 1519
103 2 1370
102 43 2951
30 34 882
64 97 2578
95 89 809
11 67 1274
2 31 2599
65 73 1311
82 41 2313
28 78 1066
11 21 1838
17 15 1711
81 87 1983
59 90 1275
63 77 1392
78 58 471
66 69 740
52 50 1017
30 48 1485
65 107 1232
71 89 1733
33 39 2206
46 38 1654
62 7 1535
45 28 2147
78 10 1171
96 32 1377
75 28 512
100 41 1437
4 21 2599
21 94 492
63 69 2566
3 30 887
39 78 918
1 55 936
100 3 1577
55 27 2425
32 40 1847
61 73 2452
83 58 2102
71 59 1015
81 4 1059
107 15 2039
86 62 1162
94 14 920
72 67 2642
102 61 2049
106 68 1377
8 15 1626
7 45 2411
108 106 1493
20 56 2310
103 16 1620
4 92 1986
97 46 1978
79 91 573
7 10 1690
84 23 1447
97 85 2002
15 104 1501
16 6 1395
13 94 455
68 98 2296
28 69 1211
56 42 2170
95 13 2549
55 28 2370
84 7 2495
4 8 2014
71 106 892
6 66 1138
54 46 864
57 74 1541
34 16 1425
60 104 1719
6 39 1885
105 61 1586
108 69 2359
71 66 790
92 23 1622
96 70 2049
33 20 2002
106 34 1269
14 37 1662
88 4 1179
21 38 1892
20 106 1484
9 18 1300
38 16 1766
39 93 1588
29 2 1599
17 62 1114
69 20 2463
61 59 1194
91 4 472
43 94 2263
95 39 1613
81 11 1154
39 82 771
98 44 1697
66 102 1434
49 105 1050
108 88 1832
75 64 1220
51 37 1108
1 37 917
89 84 905
102 3 2752
7 58 916
45 36 2052
71 9 2001
84 9 1931
60 36 2000
62 46 1066
37 80 1462
83 32 1099
85 98 1604
84 18 1532
7 83 1822
25 66 1405
63 6 1637
4 42 2298
49 30 2214
55 4 1598
80 77 1784
1 87 1657
36 46 1362
48 10 564
47 96 2410
34 64 1911
44 57 628
86 44 710
75 24 514
70 39 1670
5 75 761
18 31 1370
9 51 2648
100 74 1109
61 20 1597
108 21 1934
24 31 1866
30 10 1792
55 18 1435
50 44 1995
80 98 1399
85 46 575
85 88 1202
50 58 1868
39 59 1534
105 52 2058
18 76 1775
81 68 390
21 3 2104
78 89 1549
8 98 592
83 66 2109
87 32 1351
13 107 1872
1 83 647
38 90 786
37 34 504
60 23 1573
57 42 1692
58 16 1921
26 7 1358
59 35 1082
102 19 2039
29 78 1952
52 20 2122
13 40 1828
93 86 2248
20 99 1998
68 18 1933
34 51 1326
40 21 1424
95 37 1919
12 6 2810
3 84 760
83 23 1232
26 102 1413
69 33 2700
33 35 2237
42 11 1601
39 88 2049
14 11 1217
91 71 1535
65 93 2144
38 44 1270
18 106 563
49 103 2166
73 49 1970
19 57 626
71 101 1007
104 46 2099
68 70 1262
3 26 1908
75 23 659
23 73 1380
17 99 1820
18 103 1254
82 90 1565
15 11 297
91 85 1069
56 4 1993
10 70 2437
47 1 1343
54 55 907
49 46 1335
23 46 1370
25 61 1365
3 36 919
43 42 1565
15 67 1730
77 30 1043
49 82 2090
38 85 1296
97 19 876
27 76 2685
108 90 932
31 75 1438
84 12 936
53 10 1404
86 104 1419
5 82 1624
41 96 1882
23 4 797
35 20 1579
108 56 2129
30 39 2341
64 96 1828
59 85 1792
88 32 1111
40 2 1286
8 25 1379
13 49 1539
41 14 696
105 1 1531
14 51 2118
102 51 1522
72 38 1167
64 34 1531
106 46 1382
26 94 975
42 57 1628
65 53 447
93 42 2267
60 82 1941
8 32 843
91 78 531
4 71 1945
86 100 912
51 9 1940
39 67 2162
1 14 2316
20 84 1497
31 95 2299
11 37 1307
103 55 1284
47 69 319
48 67 1274
48 19 1594
62 68 1736
58 3 2125
76 23 982
32 34 865
73 77 1000
25 55 1441
60 74 450
63 39 1580
85 66 1467
26 104 1147
8 69 1671
14 12 2317
55 14 1840
18 77 1377
61 105 1433
12 71 1890
74 17 1740
67 83 1444
108 94 2139
49 53 260
44 60 2436
47 89 2378
15 36 1679
20 32 2000
80 35 2005
71 36 1603
32 95 1671
61 49 1979
85 15 1311
44 106 1778
17 48 1000
92 105 1631
74 36 2396
84 44 1453
47 34 1860
44 68 1249
76 80 1337
11 75 1052
99 3 1307
65 39 2513
56 82 1970
102 8 2086
67 21 1348
83 108 1473
11 95 1371
42 77 934
57 40 1287
101 12 1493
30 83 1806
13 92 633
41 73 2050
3 98 1845
58 92 1218
82 60 2229
80 58 2478
18 36 1379
81 98 2126
68 94 2575
53 24 1236
40 98 1259
73 75 1774
14 66 851
95 14 2079
105 7 1796
53 90 1951
45 104 2335
58 61 1457
74 42 1799
69 19 1981
80 15 2179
97 84 861
47 101 1229
75 16 1515
32 47 896
70 101 626
19 73 508
83 33 1824
49 87 1361
70 32 1489
47 40 1680
62 77 1029
16 66 1464
8 73 866
56 62 2103
63 57 1225
26 103 1071
80 57 1432
95 81 899
74 26 1036
106 14 1005
11 93 1721
107 96 2880
33 65 2029
1 76 1871
78 6 1336
59 31 1886
56 60 2616
18 108 1283
105 36 1762
108 43 1694
26 76 1572
62 21 738
17 7 2386
101 65 1074
3 29 1735
10 43 2781
14 55 2090
80 87 2412
97 38 1193
25 21 2250
48 44 1611
45 40 364
21 45 1077
63 32 1641
64 90 482
68 36 454
93 56 2370
97 104 2159
95 40 2262
26 22 978
102 35 1433
27 81 2989
37 29 1537
12 45 724
96 4 964
10 94 208
90 5 619
45 55 395
88 107 1300
78 97 2581
83 51 613
63 60 1686
61 103 1237
22 15 1047
4 12 1584
8 57 1143
39 52 2377
6 21 2222
42 33 1790
105 21 1432
63 12 1809
31 4 2698
75 70 1920
89 9 1582
97 65 2079
27 24 1323
34 105 1121
20 74 1724
82 71 1901
59 68 1516
93 28 1636
71 70 1915
29 25 1966
23 20 992
35 95 1418
5 101 1140
79 60 786
36 53 2662
15 30 1653
82 16 1041
97 44 885
84 72 1171
83 15 2117
45 48 831
27 87 1682
47 81 2260
33 52 2056
49 81 2288
10 65 1537
90 59 1319
58 30 2326
81 88 2056
37 17 1799
46 82 2443
54 100 2234
34 73 754
73 29 1649
38 75 1035
100 52 2629
33 16 1816
47 39 2104
100 46 1334
26 11 391
105 24 1202
50 6 1760
39 49 2727
65 62 1212
13 76 2081
5 14 1005
46 40 621
50 80 1967
59 48 1513
92 27 855
65 86 1189
78 69 1208
98 82 1763
51 29 867
23 78 834
30 71 2048
69 60 1120
63 59 1083
37 15 1745
10 8 2029
87 76 2432
92 66 924
50 94 1371
48 84 2070
17 41 1487
104 88 2042
18 11 506
1 73 963
100 14 1277
52 104 2487
52 19 1159
20 66 1990
76 87 2719
63 27 2015
62 60 759
51 97 2076
62 35 1014
29 13 1371
91 55 2327
26 20 1571
33 97 999
85 57 1476
96 36 1765
97 26 1804
1 44 1528
15 32 771
99 104 1680
33 57 766
72 1 1611
38 35 575
52 51 1394
108 87 2206
87 4 1544
27 99 1150
22 97 1940
94 98 1328
103 63 1279
66 79 800
29 97 2265
74 79 902
84 73 369
1 99 1787
14 3 2548
8 66 1636
90 36 1432
66 26 792
70 54 609
79 25 1492
52 36 2466
90 80 1212
9 23 1307
51 47 1424
107 70 2077
106 56 2129
50 7 1366
16 68 862
66 22 1624
51 65 460
37 65 749
97 55 738
103 11 918
44 53 1364
1 60 2077
67 75 1514
29 48 1715
75 6 1285
40 42 667
15 83 1950
3 93 2447
108 37 1085
106 59 699
35 18 1417
102 64 899
107 53 575
17 24 1827
24 56 1510
81 80 585
46 67 1752
17 53 814
73 50 1474
5 33 2017
59 6 2101
7 55 1766
79 49 1816
100 56 2586
31 93 1435
83 101 1491
87 41 590
37 46 599
60 9 2233
46 73 1353
63 97 1261
64 43 2091
1 16 1859
35 32 1316
27 23 2322
42 102 1178
52 108 2661
52 31 665
46 87 597
77 4 1747
46 36 1439
54 38 1079
70 41 2406
86 55 1151
25 28 2033
43 78 2681
94 66 1379
25 104 814
106 57 1809
12 2 781
14 10 1822
5 96 2219
69 82 2658
93 17 1766
27 2 3416
79 90 811
43 102 3013
60 75 1391
23 104 866
9 1 2231
33 36 1905
59 38 1179
87 28 1738
46 14 1144
10 3 2165
101 80 914
96 58 1731
4 40 2093
63 18 1506
57 61 1974
92 29 1508
18 90 202
91 51 2122
39 84 1907
26 56 2290
73 60 2328
91 8 1295
60 99 1059
26 98 1664
63 107 2033
108 15 1138
94 64 1344
24 39 835
61 51 2283
106 49 1337
25 92 1671
46 11 1584
65 23 2229
67 86 1467
106 32 1144
73 92 2585
15 88 1517
98 63 1885
2 103 1838
61 98 2297
39 33 2600
35 48 1419
105 5 940
27 92 1107
84 60 2473
105 38 349
75 49 2162
75 37 1056
83 37 1226
95 41 1652
70 43 1099
31 55 2301
41 89 1910
79 1 1591
19 77 1104
9 21 2529
103 62 1500
108 42 2152
42 86 1964
4 76 622
51 8 724
59 18 1371
69 21 1556
10 20 2715
81 61 1514
107 8 1551
66 16 1349
77 42 1234
43 73 860
5 90 1443
94 70 1532
55 37 1093
82 99 1468
64 89 1294
60 69 938
29 52 393
96 74 1922
106 94 1333
37 22 2021
40 54 447
65 70 1384
47 66 1552
52 4 2340
17 92 1953
65 81 2320
44 51 1896
75 57 1548
39 28 1155
38 24 920
18 44 1586
7 108 1854
78 73 2317
13 32 1340
72 70 606
31 81 1853
91 32 1075
108 75 904
6 90 1330
99 54 1901
19 85 1989
29 32 1595
94 104 2539
22 66 1822
105 18 1247
25 9 782
76 101 1879
5 73 1781
16 105 936
60 18 912
61 30 2671
88 96 1751
72 20 1043
31 86 1936
24 59 973
79 86 1665
58 89 2138
92 54 1980
94 24 1587
72 104 1262
38 93 2474
24 63 1813
91 9 1358
31 3 1757
25 80 691
44 81 1145
88 78 1396
99 56 1994
46 1 924
90 96 1444
22 14 1313
65 54 1617
52 77 1471
29 80 2576
88 97 1867
75 99 629
46 76 2300
51 21 898
80 88 1994
35 73 1644
48 59 1341
6 26 1369
89 82 1527
2 68 1107
74 105 1121
43 19 1104
77 107 601
14 53 1968
1 102 2149
58 37 1676
104 87 2249
85 84 1503
99 83 1424
38 18 592
15 2 1712
63 34 198
93 102 1055
93 95 2085
34 84 717
73 103 1103
84 24 1749
9 78 1535
93 60 464
56 102 2195
100 43 2755
70 59 1407
62 99 1235
81 62 1984
54 89 923
80 4 1405
47 44 2265
7 61 1629
62 70 1802
70 4 1640
47 80 2385
16 87 1909
76 107 2272
37 104 1672
58 66 1215
26 79 682
95 17 2896
53 84 1574
40 30 1260
18 60 1272
25 39 1481
22 33 1991
22 5 1773
44 39 1905
86 20 1110
2 102 2994
7 30 2610
59 92 1635
98 91 1699
60 4 1597
6 76 2474
41 79 1227
58 72 1957
2 107 1581
50 101 1785
16 53 2130
39 105 1646
103 56 1818
108 93 2365
24 94 1081
24 97 1952
12 85 1575
107 54 1060
37 50 1187
31 105 1645
5 66 1238
63 40 1266
82 21 3033
27 74 1428
92 40 2355
104 61 1203
18 15 1367
12 16 1647
78 64 1183
97 93 2888
9 28 1527
33 83 1700
8 7 1271
80 64 1729
68 95 299
95 5 2399
98 78 1409
19 3 1380
16 26 827
92 102 122
63 62 1066
63 19 1148
75 27 1096
77 3 1464
46 53 770
40 90 1172
101 5 1371
21 35 1775
57 89 288
98 24 1494
17 101 1308
56 72 891
108 78 1152
76 29 3023
55 93 2019
102 16 2155
8 42 730
100 72 1515
70 82 1430
99 74 1184
21 78 1870
103 41 1545
42 65 546
15 81 1746
6 44 2408
57 94 1544
69 45 1653
18 17 1414
32 4 1567
49 51 554
37 72 999
1 24 2064
5 106 1507
23 88 2021
31 43 2200
3 75 2486
67 33 2207
80 20 1264
43 16 2109
31 80 2085
85 77 1806
95 76 823
108 29 2086
81 16 1037
65 28 1788
75 32 1523
70 16 1073
50 57 1774
44 37 833
98 96 1637
101 6 2225
82 67 2185
108 23 1091
106 76 1441
3 102 2819
85 87 1272
26 4 1482
84 13 2031
81 104 725
92 51 1428
51 66 1342
87 73 1794
29 19 1405
3 53 1694
87 81 1593
59 93 1500
66 97 2199
22 49 2419
5 55 2114
8 1 752
82 93 2037
39 81 1701
91 38 1127
81 100 1939
75 26 916
12 89 1004
68 85 2248
3 1 1773
56 90 1528
11 69 1462
7 35 1771
12 34 1372
73 59 1662
102 24 892
34 107 1539
34 81 1236
45 2 821
25 56 1702
52 105 1811
27 106 1648
85 26 645
27 89 2724
21 4 2482
70 18 1219
67 43 2807
67 24 903
29 75 2104
93 40 2311
12 20 1630
48 39 1362
9 56 2128
20 62 1286
45 13 1591
69 79 1465
73 16 2157
83 71 1229
37 74 1616
46 22 1664
65 99 1033
35 65 1547
66 34 1514
64 102 829
42 63 2019
46 65 672
108 9 350
64 5 374
3 15 1792
82 81 1349
53 45 1188
7 51 2057
8 89 952
72 13 2459
63 86 516
82 4 1019
18 28 1597
86 74 1367
50 47 1802
82 103 1445
43 91 2758
44 40 1716
17 59 2211
34 103 1070
27 68 2720
106 84 2027
29 72 1989
39 72 1688
25 102 2506
26 68 1959
34 95 1225
18 63 915
89 25 1138
52 9 2674
45 92 2209
36 59 796
38 68 1344
96 45 2347
100 48 1615
45 107 1586
1 12 1410
15 95 1064
90 50 1418
26 16 1186
78 67 1323
45 19 1031
82 43 1954
4 102 2113
18 104 1915
81 35 997
36 72 923
45 34 1039
67 19 1576
10 32 1304
67 6 1768
28 9 1876
61 101 1436
4 14 1135
84 104 2499
34 56 1263
67 14 1119
57 102 2295
82 42 2172
41 47 840
84 71 1854
42 69 1953
45 99 903
11 39 1149
34 77 1006
100 91 362
49 100 2554
53 58 1756
38 78 2047
14 21 1853
25 59 475
62 58 1277
31 67 1231
27 36 2378
81 50 2578
20 50 2377
61 10 1891
57 1 1254
89 81 1187
58 90 1653
1 43 1473
78 1 1995
43 18 1574
68 10 2261
31 23 1926
76 44 1334
78 54 1927
67 105 1698
95 106 1174
46 108 1815
17 68 2330
35 44 1773
12 74 1825
87 75 1642
71 10 656
24 70 1058
35 39 882
84 106 1711
45 14 2254
61 97 2236
3 32 1452
31 13 1032
97 33 247
58 108 1419
97 3 1132
2 19 1281
1 33 1342
87 14 1428
42 103 1608
36 89 1191
86 85 1042
105 29 1733
105 13 1791
78 15 1411
46 99 962
71 74 689
101 67 1458
4 86 1092
22 85 1805
34 97 1193
1 51 988
40 36 1559
76 81 637
63 8 1580
95 99 1955
9 75 1430
69 95 2163
69 24 880
24 99 91
99 95 1157
69 95
